100,107
200,185
300,235
400,315
500,373
600,415
700,457
800,495
900,547
1000,593
1100,619
1200,679
1300,731
1400,781
1500,805
1600,835
1700,859
1800,895
1900,917
2000,953
2100,967
2200,1023
2300,1065
2400,1119
2500,1149
2600,1203
2700,1253
2800,1233
2900,1245
3000,1289
3100,1319
3200,1349
3300,1393
3400,1405
3500,1413
3600,1447
3700,1487
3800,1555
3900,1563
4000,1633
4100,1677
4200,1701
4300,1701
4400,1729
4500,1763
4600,1807
4700,1825
4800,1849
4900,1885
5000,1923
5100,1941
5200,1937
5300,1965
5400,2007
5500,2003
5600,2065
5700,2081
5800,2081
5900,2043
6000,2043
6100,2111
6200,2161
6300,2169
6400,2191
6500,2209
6600,2267
6700,2311
6800,2277
6900,2315
7000,2357
7100,2405
7200,2401
7300,2435
7400,2437
7500,2449
7600,2491
7700,2547
7800,2563
7900,2595
8000,2609
8100,2609
8200,2633
8300,2621
8400,2651
8500,2689
8600,2705
8700,2707
8800,2751
8900,2741
9000,2781
9100,2771
9200,2789
9300,2791
9400,2811
9500,2829
9600,2835
9700,2871
9800,2887
9900,2911
10000,2989
10100,2991
10200,3003
10300,3019
10400,3055
10500,3115
10600,3131
10700,3127
10800,3187
10900,3165
11000,3191
11100,3209
11200,3243
11300,3251
11400,3319
11500,3341
11600,3321
11700,3321
11800,3333
11900,3377
12000,3429
12100,3389
12200,3405
12300,3447
12400,3463
12500,3473
12600,3489
12700,3495
12800,3525
12900,3543
13000,3549
13100,3569
13200,3581
13300,3585
13400,3585
13500,3613
13600,3615
13700,3653
13800,3683
13900,3703
14000,3699
14100,3735
14200,3735
14300,3757
14400,3791
14500,3819
14600,3827
14700,3845
14800,3873
14900,3897
15000,3907
15100,3933
15200,3955
15300,3977
15400,4003
15500,4031
15600,4035
15700,4063
15800,4049
15900,4117
16000,4101
16100,4103
16200,4103
16300,4155
16400,4145
16500,4139
16600,4109
16700,4187
16800,4163
16900,4223
17000,4187
17100,4213
17200,4219
17300,4243
17400,4313
17500,4299
17600,4315
17700,4345
17800,4375
17900,4387
18000,4417
18100,4453
18200,4507
18300,4483
18400,4513
18500,4505
18600,4531
18700,4573
18800,4573
18900,4589
19000,4605
19100,4637
19200,4639
19300,4637
19400,4711
19500,4721
19600,4735
19700,4707
19800,4727
19900,4767
20000,4833