100,0.00423002243042
200,0.00989603996277
300,0.0133228302002
400,0.0175158977509
500,0.0234470367432
600,0.0250570774078
100,0.00590705871582
200,0.00827598571777
300,0.0117599964142
400,0.0158491134644
500,0.0200879573822
600,0.0230588912964
700,0.0265560150146
800,0.0308818817139
900,0.035444021225
1000,0.0390141010284
1100,0.042829990387
1200,0.0521259307861
1300,0.0536091327667
1400,0.0568099021912
1500,0.0606899261475
1600,0.0644381046295
1700,0.0696759223938
1800,0.0753619670868
1900,0.0783538818359
2000,0.0810470581055
2100,0.0936918258667
2200,0.0884959697723
2300,0.0950829982758
2400,0.125109910965
2500,0.105824947357
2600,0.108487844467
2700,0.116786003113
2800,0.116133928299
2900,0.127799987793
3000,0.122631072998
3100,0.145752906799
3200,0.12840795517
3300,0.13147187233
3400,0.136089801788
3500,0.150583982468
3600,0.156020879745
3700,0.159242868423
3800,0.165115833282
3900,0.168864011765
4000,0.166105985641
4100,0.167257070541
4200,0.172069787979
4300,0.185576915741
4400,0.182149887085
4500,0.199942111969
4600,0.188515901566
4700,0.202330112457
4800,0.202709913254
4900,0.202747106552
5000,0.212177038193
5100,0.21595621109
5200,0.229397058487
5300,0.226684808731
5400,0.241861820221
5500,0.234047889709
5600,0.246670007706
5700,0.258788824081
5800,0.264926195145
5900,0.255759954453
6000,0.258460998535
6100,0.269305944443
6200,0.284521102905
6300,0.278335094452
6400,0.293426036835
6500,0.295842885971
6600,0.312666893005
6700,0.320689201355
6800,0.305792093277
6900,0.31506896019
7000,0.31989979744
7100,0.330423116684
7200,0.338584899902
7300,0.334712982178
7400,0.339806079865
7500,0.348112821579
7600,0.350461006165
7700,0.357940912247
7800,0.372836112976
7900,0.371658086777
8000,0.386569976807
8100,0.39143204689
8200,0.396260976791
8300,0.400573015213
8400,0.403789997101
8500,0.417072057724
8600,0.423347949982
8700,0.426276922226
8800,0.436226844788
8900,0.446235895157
9000,0.454503059387
9100,0.467084169388
9200,0.465251922607
9300,0.478842020035
9400,0.48139500618
9500,0.485996007919
9600,0.500483989716
9700,0.504497051239
9800,0.51941204071
9900,0.510565042496
10000,0.537024021149
10100,0.529762029648
10200,0.558177947998
10300,0.554917097092
10400,0.557290077209
10500,0.560906171799
10600,0.568624973297
10700,0.574576854706
10800,0.594145059586
10900,0.592025995255
11000,0.602884054184
11100,0.605414152145
11200,0.614032030106
11300,0.631159067154
11400,0.64876294136
11500,0.650352954865
11600,0.647733211517
11700,0.654912948608
11800,0.652936935425
11900,0.671554088593
12000,0.675613164902
12100,0.679777145386
12200,0.689747095108
12300,0.694231987
12400,0.701755046844
12500,0.709477901459
12600,0.7160820961
12700,0.728931188583
12800,0.751509904861
12900,0.736989974976
13000,0.748569965363
13100,0.755858898163
13200,0.762425899506
13300,0.773149013519
13400,0.779821157455
13500,0.784525871277
13600,0.791301012039
13700,0.798637151718
13800,0.804378032684
13900,0.813003063202
14000,0.825845003128
14100,0.829132795334
14200,0.849164962769
14300,0.848884820938
14400,0.863139867783
14500,0.934518098831
14600,0.926134824753
14700,0.894762992859
14800,0.900167942047
14900,0.897988080978
15000,0.899657011032
15100,0.937891960144
15200,0.932479858398
15300,0.946856975555
15400,1.18207097054
15500,0.986804008484
15600,0.949913978577
15700,0.962559938431
15800,0.966315984726
15900,0.989718198776
16000,0.99458193779
16100,1.03157091141
16200,1.00234889984
16300,1.01287388802
16400,1.02015089989
16500,1.0241920948
16600,1.02509403229
16700,1.04051303864
16800,1.04613900185
16900,1.06374406815
17000,1.08565402031
17100,1.11177897453
17200,1.09233093262
17300,1.11339092255
17400,1.09648299217
17500,1.11664700508
17600,1.15848493576
17700,1.17414402962
17800,1.16208481789
17900,1.20111393929
18000,1.16220402718
18100,1.16449117661
18200,1.18724989891
18300,1.17418694496
18400,1.2805211544
18500,1.28359413147
18600,1.26441121101
18700,1.28985190392
18800,1.27223706245
18900,1.27756094933
19000,1.30501198769
19100,1.30309796333
19200,1.32549285889
19300,1.33775210381
19400,1.38254904747
19500,1.31070423126
19600,1.37058091164
19700,1.37683796883
19800,1.39370703697
19900,1.45124793053
20000,1.41038107872
20100,1.45072007179
20200,1.45185399055
20300,1.42641687393
20400,1.4849960804
20500,1.44195008278
20600,1.4936978817
20700,1.40724182129
20800,1.46619105339
20900,1.47253704071
21000,1.43077301979
21100,1.47339200974
21200,1.42536902428
21300,1.43081593513
21400,1.51110196114
21500,1.39706397057
21600,1.41758108139
21700,1.46215391159
21800,1.42080807686
21900,1.50579881668
22000,1.41303777695
22100,1.45627808571
22200,1.48140001297
22300,1.42903184891
22400,1.50114512444
22500,1.4385240078
22600,1.46049904823
22700,1.54008889198
22800,1.48519992828
22900,1.4314289093
23000,1.38216900826
23100,1.44354510307
23200,1.41279792786
23300,1.38007879257
23400,1.56700801849
23500,1.40293693542
23600,1.44874095917
23700,1.50124192238
23800,1.43485999107
23900,1.48424983025
24000,1.52804493904
24100,1.40862607956
24200,1.47063994408
24300,1.53385901451
24400,1.57521319389
24500,1.47108101845
24600,1.52708005905
24700,1.48967385292
24800,1.45791912079
24900,1.48237586021
25000,1.54609894753
25100,1.62896609306
25200,1.62034487724
25300,1.50418996811
25400,1.47401690483
25500,1.44984412193
25600,1.5461230278
25700,1.42069005966
25800,1.44411993027
25900,1.43138480186
26000,1.47317504883
26100,1.4325978756
26200,1.46339392662
26300,1.38301301003
26400,1.43864393234
26500,1.49456501007
26600,1.42066502571
26700,1.48099708557
26800,1.43838500977
26900,1.49744606018
27000,1.44183397293
27100,1.47829604149
27200,1.48829293251
27300,1.46413993835
27400,1.44535899162
27500,1.46608304977
27600,1.43734502792
27700,1.50985097885
27800,1.44231987
27900,1.46835803986
28000,1.42278885841
28100,1.45193004608
28200,1.4497730732
28300,1.41742491722
28400,1.4114689827
28500,1.44429111481
28600,1.41818785667
28700,1.46990799904
28800,1.50007605553
28900,1.41753983498
29000,1.44495081902
29100,1.42843699455
29200,1.42473602295
29300,1.50758004189
29400,1.41730690002
29500,1.42452716827
29600,1.46174502373
29700,1.44683098793
29800,1.52352786064
29900,1.3759329319
30000,1.44892501831
30100,1.39974498749
30200,1.44594693184
30300,1.47356414795
30400,1.37334799767
30500,1.46439194679
30600,1.45301294327
30700,1.46406292915
30800,1.48762202263
30900,1.45156097412
31000,1.44773006439
31100,1.46776509285
31200,1.41004109383
31300,1.45074391365
31400,1.42882299423
31500,1.48181080818
31600,1.37583303452
31700,1.46828699112
31800,1.4711060524
31900,1.4279460907
32000,1.39810800552
32100,1.43127918243
32200,1.4567489624
32300,1.50630807877
32400,1.57400298119
32500,1.68068909645
32600,1.47084403038
32700,1.64513015747
32800,1.43033313751
32900,1.5331799984
33000,1.40967488289
33100,1.47804808617
33200,1.48607397079
33300,1.45336985588
33400,1.45201516151
33500,1.48653483391
33600,1.45365786552
33700,1.47435212135
33800,1.52720189095
33900,1.41918802261
34000,1.45071601868
34100,1.48157596588
34200,1.46144294739
34300,1.4569029808
34400,1.47502303123
34500,1.45836400986
34600,1.42170214653
34700,1.48608493805
34800,1.38747692108
34900,1.55786204338
35000,1.41059303284
35100,1.47755289078
35200,1.43372917175
35300,1.47457194328
35400,1.51624107361
35500,1.44900488853
35600,1.4244260788
35700,1.47525405884
35800,1.46344804764
35900,1.44573783875
36000,1.42754793167
36100,1.41393995285
36200,1.43305683136
36300,1.41275191307
36400,1.50449085236
36500,1.44256591797
36600,1.46652197838
36700,1.44664001465
36800,1.40865492821
36900,1.45219612122
37000,1.46779298782
37100,1.46135997772
37200,1.4530749321
37300,1.47054314613
37400,1.53298091888
37500,1.39665222168
37600,1.52162694931
37700,1.53503894806
37800,1.43965101242
37900,1.45205307007
38000,1.49062204361
38100,1.51691293716
38200,1.52056908607
38300,1.46628594398
38400,1.48453521729
38500,1.436013937
38600,1.49338412285
38700,1.48432302475
38800,1.43179893494
38900,1.47183799744
39000,1.48643994331
39100,1.41562581062
39200,1.4485180378
39300,1.46665692329
39400,1.49313402176
39500,1.46429800987
39600,1.51327204704
39700,1.44518685341
39800,1.48401904106
39900,1.53112578392
40000,1.43743109703
40100,1.44933795929
40200,1.51535201073
40300,1.47577595711
40400,1.5237019062
40500,1.4366209507
40600,1.43799185753
40700,1.52932214737
40800,1.51118898392
40900,1.48242092133
41000,1.4435479641
41100,1.45280718803
41200,1.37696909904
41300,1.45784497261
41400,1.53938794136
41500,1.41656184196
41600,1.46211194992
41700,1.46988201141
41800,1.47158694267
41900,1.48475503922
42000,1.42212080956
42100,1.50535202026
42200,1.44379401207
42300,1.47351694107
42400,1.50657296181
42500,1.47139906883
42600,1.44929885864
42700,1.41732907295
42800,1.41936707497
42900,1.43844389915
43000,1.44912910461
43100,1.50524616241
43200,1.45589494705
43300,1.45449614525
43400,1.49192595482
43500,1.42323493958
43600,1.42027592659
43700,1.48833799362
43800,1.45684599876
43900,1.48029899597
44000,1.40902280807
44100,1.42431211472
44200,1.50543117523
44300,1.44373321533
44400,1.5466439724
44500,1.40488910675
44600,1.44404101372
44700,1.42745494843
44800,1.48160386086
44900,1.52398777008
45000,1.46002602577
45100,1.41263389587
45200,1.44062399864
45300,1.43331694603
45400,1.53708386421
45500,1.4558608532
45600,1.46917295456
45700,1.44293904305
45800,1.4025490284
45900,1.5576069355
46000,1.45596599579
46100,1.45554184914
46200,1.46018695831
46300,1.41496896744
46400,1.56640696526
46500,1.42319989204
46600,1.43799901009
46700,1.45919299126
46800,1.41670703888
46900,1.49603199959
47000,1.42456889153
47100,1.44895386696
47200,1.45445084572
47300,1.47102713585
47400,1.5034198761
47500,1.48233103752
47600,1.45558595657
47700,1.50137710571
47800,1.45771503448
47900,1.57048892975
48000,1.43565607071
48100,1.41842794418
48200,1.448554039
48300,1.48566198349
48400,1.55159401894
48500,1.41169214249
48600,1.45537900925
48700,1.3961520195
48800,1.51332187653
48900,1.54089307785
49000,1.42492485046
49100,1.47119903564
49200,1.47070002556
49300,1.43947792053
49400,1.4807870388
49500,1.43662905693
49600,1.51427388191
49700,1.48615884781
49800,1.4272351265
49900,1.47646903992
50000,1.4668879509
50100,1.44573283195
50200,1.41641402245
50300,1.45020604134
50400,1.55358099937
50500,1.39821314812
50600,1.40942716599
50700,1.44827795029
50800,1.40639901161
50900,1.57120490074
51000,1.39506793022
51100,1.45406603813
51200,1.51073503494
51300,1.50014400482
51400,1.49140191078
51500,1.45464420319
51600,1.48920822144
51700,1.4695520401
51800,1.44642114639
51900,1.45252490044
52000,1.45337891579
52100,1.43860507011
52200,1.43393492699
52300,1.44304704666
52400,1.52967214584
52500,1.46006298065
52600,1.47125601768
52700,1.45667910576
52800,1.51020503044
52900,1.51764988899
53000,1.44100809097
53100,1.47151494026
53200,1.5800280571
53300,1.46722006798
53400,1.55690193176
53500,1.5940580368
53600,1.5544500351
53700,1.43177509308
53800,1.48103094101
53900,1.49790811539
54000,1.42194604874
54100,1.44305491447
54200,1.4696829319
54300,1.42570996284
54400,1.50175499916
54500,1.52381801605
54600,1.48722720146
54700,1.4014339447
54800,1.47326612473
54900,1.50734114647
55000,1.51375198364
55100,1.44137001038
55200,1.49253106117
55300,1.42671608925
55400,1.46241402626
55500,1.50930809975
55600,1.45829701424
55700,1.47895002365
55800,1.44795393944
55900,1.43339109421
56000,1.47497987747
56100,1.41871905327
56200,1.49539089203
56300,1.43072509766
56400,1.48012804985
56500,1.51589608192
56600,1.53718304634
56700,1.47929501534
56800,1.43769693375
56900,1.44304990768
57000,1.58991718292
57100,1.37596797943
57200,1.48345303535
57300,1.43812417984
57400,1.47942781448
57500,1.50218319893
57600,1.42283296585
57700,1.59604907036
57800,1.45478105545
57900,1.43376612663
58000,1.67115616798
58100,1.52606797218
58200,1.64293193817
58300,1.61700701714
58400,1.60623908043
58500,1.76436209679
58600,1.71333503723
58700,1.829018116
58800,1.54989314079
58900,1.46435499191
59000,1.60624599457
59100,1.38001489639
59200,1.43941998482
59300,1.51541018486
59400,1.44795084
59500,1.5086081028
59600,1.47148180008
59700,1.50257396698
59800,1.60673809052
59900,1.45516586304
60000,1.55560898781
60100,1.58140206337
60200,1.73579907417
60300,1.4888279438
60400,1.46984004974
60500,1.47402405739
60600,1.45189714432
60700,1.47300219536
60800,1.48491191864
60900,1.46889185905
61000,1.53456091881
61100,1.42863512039
61200,1.50412487984
61300,1.41093707085
61400,1.4633500576
61500,1.52840304375
61600,1.45885515213
61700,1.40633416176
61800,1.44847989082
61900,1.47649312019
62000,1.50921297073
62100,1.47249221802
62200,1.56040692329
62300,1.43694901466
62400,1.47392010689
62500,1.48834991455
62600,1.44445800781
62700,1.48316693306
62800,1.50225877762
62900,1.38600897789
63000,1.55206203461
63100,1.4405579567
63200,1.51179599762
63300,1.41393995285
63400,1.49266004562
63500,1.45916080475
63600,1.47209715843
63700,1.44880580902
63800,1.50646305084
63900,1.49527001381
64000,1.46593809128
64100,1.48997998238
64200,1.46076989174
64300,1.4736468792
64400,1.42567014694
64500,1.58070492744
64600,1.46172118187
64700,1.49730706215
64800,1.46726894379
64900,1.39076709747
65000,1.55856204033
65100,1.44175219536
65200,1.41865491867
65300,1.43631505966
65400,1.46245598793
65500,1.53365302086
65600,1.5646109581
65700,1.85095191002
65800,1.49228000641
65900,1.50276184082
66000,1.40928387642
66100,1.4209549427
66200,1.40333795547
