100,0.00164818763733
200,0.00291800498962
300,0.00687003135681
400,0.0065770149231
500,0.00792002677917
600,0.00947713851929
700,0.0113549232483
800,0.0131371021271
100,0.00158500671387
200,0.00604104995728
300,0.00929808616638
400,0.0102031230927
500,0.0141379833221
600,0.010232925415
500,0.00791716575623
500,0.0167379379272
1000,0.0198040008545
1500,0.0346760749817
2000,0.0382809638977
2500,0.0547480583191
100,0.00164914131165
200,0.00291705131531
300,0.00478100776672
400,0.006511926651
500,0.0079300403595
600,0.0094518661499
700,0.0138909816742
800,0.0154647827148
900,0.018559217453
1000,0.0169818401337
1100,0.023854970932
1200,0.0213601589203
100,0.001620054245
200,0.00312399864197
