100,107
200,185
300,235
400,315
500,373
600,415
700,457
800,495
900,545
1000,593
1100,619
1200,679
1300,731
1400,781
1500,803
1600,835
1700,859
1800,893
1900,915
2000,953
2100,969
2200,1023
2300,1063
2400,1119
2500,1151
2600,1207
2700,1251
2800,1233
2900,1245
3000,1291
3100,1321
3200,1351
3300,1393
3400,1407
3500,1415
3600,1447
3700,1487
3800,1557
3900,1565
4000,1633
4100,1681
4200,1695
4300,1703
4400,1727
4500,1763
4600,1807
4700,1827
4800,1847
4900,1881
5000,1927
5100,1939
5200,1937
100,107
200,185
300,235
400,315
500,373
600,415
700,457
800,493
